{
 "cells": [
  {
   "cell_type": "code",
   "execution_count": 1,
   "metadata": {},
   "outputs": [],
   "source": [
    "import pandas as pd\n",
    "import numpy as np\n",
    "from helpers import *\n",
    "import statsmodels.api as sm\n",
    "from statsmodels.formula.api import ols\n",
    "import matplotlib.pyplot as plt\n",
    "%matplotlib inline\n",
    "import seaborn as sns\n",
    "plt.style.use('seaborn')\n",
    "\n",
    "df = pd.read_csv(\"kc_house_data.csv\")"
   ]
  },
  {
   "cell_type": "markdown",
   "metadata": {},
   "source": [
    "## Data Cleaning"
   ]
  },
  {
   "cell_type": "code",
   "execution_count": 2,
   "metadata": {},
   "outputs": [],
   "source": [
    "for col in ['view', 'waterfront', 'yr_renovated']:\n",
    "        df[col] = df[col].fillna(0)"
   ]
  },
  {
   "cell_type": "code",
   "execution_count": 3,
   "metadata": {},
   "outputs": [],
   "source": [
    "df[\"sqft_basement\"] = df.apply(replace_null_basement(df), axis = 1)"
   ]
  },
  {
   "cell_type": "code",
   "execution_count": 4,
   "metadata": {},
   "outputs": [],
   "source": [
    "for col in ['waterfront', 'view', 'yr_renovated']:\n",
    "    df[col] = df[col].apply(lambda x: to_int(x))"
   ]
  },
  {
   "cell_type": "code",
   "execution_count": 5,
   "metadata": {},
   "outputs": [],
   "source": [
    "df['posix_date'] = df['date'].apply(lambda x: to_posix(x))"
   ]
  },
  {
   "cell_type": "code",
   "execution_count": 6,
   "metadata": {},
   "outputs": [],
   "source": [
    "df['date'] = pd.to_datetime(df['date'])"
   ]
  },
  {
   "cell_type": "markdown",
   "metadata": {},
   "source": [
    "## Data Overview"
   ]
  },
  {
   "cell_type": "code",
   "execution_count": 7,
   "metadata": {},
   "outputs": [
    {
     "data": {
      "text/plain": [
       "Index(['price', 'bedrooms', 'bathrooms', 'sqft_living', 'sqft_lot', 'floors',\n",
       "       'waterfront', 'view', 'condition', 'grade', 'sqft_above',\n",
       "       'sqft_basement', 'yr_built', 'yr_renovated', 'zipcode', 'lat', 'long',\n",
       "       'sqft_living15', 'sqft_lot15', 'posix_date'],\n",
       "      dtype='object')"
      ]
     },
     "execution_count": 7,
     "metadata": {},
     "output_type": "execute_result"
    }
   ],
   "source": [
    "df_corr = df.loc[:, \"price\":\"posix_date\"]\n",
    "df_corr.columns"
   ]
  },
  {
   "cell_type": "markdown",
   "metadata": {},
   "source": [
    "## Our Random Correlation Heatmap"
   ]
  },
  {
   "cell_type": "code",
   "execution_count": 8,
   "metadata": {},
   "outputs": [],
   "source": [
    "map_corr = np.corrcoef(df_corr, rowvar=0)"
   ]
  },
  {
   "cell_type": "code",
   "execution_count": 9,
   "metadata": {},
   "outputs": [
    {
     "data": {
      "text/html": [
       "<div>\n",
       "<style scoped>\n",
       "    .dataframe tbody tr th:only-of-type {\n",
       "        vertical-align: middle;\n",
       "    }\n",
       "\n",
       "    .dataframe tbody tr th {\n",
       "        vertical-align: top;\n",
       "    }\n",
       "\n",
       "    .dataframe thead th {\n",
       "        text-align: right;\n",
       "    }\n",
       "</style>\n",
       "<table border=\"1\" class=\"dataframe\">\n",
       "  <thead>\n",
       "    <tr style=\"text-align: right;\">\n",
       "      <th></th>\n",
       "      <th>Price</th>\n",
       "      <th>Bedrooms</th>\n",
       "      <th>Bathrooms</th>\n",
       "      <th>Living SqFt</th>\n",
       "      <th>Lot SqFt</th>\n",
       "      <th>Floors</th>\n",
       "      <th>Waterfront</th>\n",
       "      <th>View</th>\n",
       "      <th>Condition</th>\n",
       "      <th>Grade</th>\n",
       "      <th>Above-Ground SqFt</th>\n",
       "      <th>Basement SqFt</th>\n",
       "      <th>Year Built</th>\n",
       "      <th>Year Renovated</th>\n",
       "      <th>Zipcode</th>\n",
       "      <th>Lat</th>\n",
       "      <th>Long</th>\n",
       "      <th>Neighbor Lv</th>\n",
       "      <th>Neighbor Lot</th>\n",
       "      <th>Date in Posix</th>\n",
       "    </tr>\n",
       "  </thead>\n",
       "  <tbody>\n",
       "    <tr>\n",
       "      <th>Price</th>\n",
       "      <td>1.000000</td>\n",
       "      <td>0.308787</td>\n",
       "      <td>0.525906</td>\n",
       "      <td>0.701917</td>\n",
       "      <td>0.089876</td>\n",
       "      <td>0.256804</td>\n",
       "      <td>0.264306</td>\n",
       "      <td>0.393497</td>\n",
       "      <td>0.036056</td>\n",
       "      <td>0.667951</td>\n",
       "      <td>0.605368</td>\n",
       "      <td>0.323799</td>\n",
       "      <td>0.053953</td>\n",
       "      <td>0.117855</td>\n",
       "      <td>-0.053402</td>\n",
       "      <td>0.306692</td>\n",
       "      <td>0.022036</td>\n",
       "      <td>0.585241</td>\n",
       "      <td>0.082845</td>\n",
       "      <td>-0.004002</td>\n",
       "    </tr>\n",
       "    <tr>\n",
       "      <th>Bedrooms</th>\n",
       "      <td>0.308787</td>\n",
       "      <td>1.000000</td>\n",
       "      <td>0.514508</td>\n",
       "      <td>0.578212</td>\n",
       "      <td>0.032471</td>\n",
       "      <td>0.177944</td>\n",
       "      <td>-0.002127</td>\n",
       "      <td>0.078354</td>\n",
       "      <td>0.026496</td>\n",
       "      <td>0.356563</td>\n",
       "      <td>0.479386</td>\n",
       "      <td>0.302808</td>\n",
       "      <td>0.155670</td>\n",
       "      <td>0.017900</td>\n",
       "      <td>-0.154092</td>\n",
       "      <td>-0.009951</td>\n",
       "      <td>0.132054</td>\n",
       "      <td>0.393406</td>\n",
       "      <td>0.030690</td>\n",
       "      <td>-0.016523</td>\n",
       "    </tr>\n",
       "    <tr>\n",
       "      <th>Bathrooms</th>\n",
       "      <td>0.525906</td>\n",
       "      <td>0.514508</td>\n",
       "      <td>1.000000</td>\n",
       "      <td>0.755758</td>\n",
       "      <td>0.088373</td>\n",
       "      <td>0.502582</td>\n",
       "      <td>0.063629</td>\n",
       "      <td>0.186016</td>\n",
       "      <td>-0.126479</td>\n",
       "      <td>0.665838</td>\n",
       "      <td>0.686668</td>\n",
       "      <td>0.283440</td>\n",
       "      <td>0.507173</td>\n",
       "      <td>0.047177</td>\n",
       "      <td>-0.204786</td>\n",
       "      <td>0.024280</td>\n",
       "      <td>0.224903</td>\n",
       "      <td>0.569884</td>\n",
       "      <td>0.088303</td>\n",
       "      <td>-0.034237</td>\n",
       "    </tr>\n",
       "    <tr>\n",
       "      <th>Living SqFt</th>\n",
       "      <td>0.701917</td>\n",
       "      <td>0.578212</td>\n",
       "      <td>0.755758</td>\n",
       "      <td>1.000000</td>\n",
       "      <td>0.173453</td>\n",
       "      <td>0.353953</td>\n",
       "      <td>0.104637</td>\n",
       "      <td>0.281715</td>\n",
       "      <td>-0.059445</td>\n",
       "      <td>0.762779</td>\n",
       "      <td>0.876448</td>\n",
       "      <td>0.435130</td>\n",
       "      <td>0.318152</td>\n",
       "      <td>0.051060</td>\n",
       "      <td>-0.199802</td>\n",
       "      <td>0.052155</td>\n",
       "      <td>0.241214</td>\n",
       "      <td>0.756402</td>\n",
       "      <td>0.184342</td>\n",
       "      <td>-0.034276</td>\n",
       "    </tr>\n",
       "    <tr>\n",
       "      <th>Lot SqFt</th>\n",
       "      <td>0.089876</td>\n",
       "      <td>0.032471</td>\n",
       "      <td>0.088373</td>\n",
       "      <td>0.173453</td>\n",
       "      <td>1.000000</td>\n",
       "      <td>-0.004814</td>\n",
       "      <td>0.021459</td>\n",
       "      <td>0.075054</td>\n",
       "      <td>-0.008830</td>\n",
       "      <td>0.114731</td>\n",
       "      <td>0.184139</td>\n",
       "      <td>0.015418</td>\n",
       "      <td>0.052946</td>\n",
       "      <td>0.004979</td>\n",
       "      <td>-0.129586</td>\n",
       "      <td>-0.085514</td>\n",
       "      <td>0.230227</td>\n",
       "      <td>0.144763</td>\n",
       "      <td>0.718204</td>\n",
       "      <td>0.006337</td>\n",
       "    </tr>\n",
       "    <tr>\n",
       "      <th>Floors</th>\n",
       "      <td>0.256804</td>\n",
       "      <td>0.177944</td>\n",
       "      <td>0.502582</td>\n",
       "      <td>0.353953</td>\n",
       "      <td>-0.004814</td>\n",
       "      <td>1.000000</td>\n",
       "      <td>0.020797</td>\n",
       "      <td>0.028414</td>\n",
       "      <td>-0.264075</td>\n",
       "      <td>0.458794</td>\n",
       "      <td>0.523989</td>\n",
       "      <td>-0.245715</td>\n",
       "      <td>0.489193</td>\n",
       "      <td>0.003793</td>\n",
       "      <td>-0.059541</td>\n",
       "      <td>0.049239</td>\n",
       "      <td>0.125943</td>\n",
       "      <td>0.280102</td>\n",
       "      <td>-0.010722</td>\n",
       "      <td>-0.022334</td>\n",
       "    </tr>\n",
       "    <tr>\n",
       "      <th>Waterfront</th>\n",
       "      <td>0.264306</td>\n",
       "      <td>-0.002127</td>\n",
       "      <td>0.063629</td>\n",
       "      <td>0.104637</td>\n",
       "      <td>0.021459</td>\n",
       "      <td>0.020797</td>\n",
       "      <td>1.000000</td>\n",
       "      <td>0.380543</td>\n",
       "      <td>0.016648</td>\n",
       "      <td>0.082818</td>\n",
       "      <td>0.071778</td>\n",
       "      <td>0.082800</td>\n",
       "      <td>-0.024487</td>\n",
       "      <td>0.073939</td>\n",
       "      <td>0.028923</td>\n",
       "      <td>-0.012157</td>\n",
       "      <td>-0.037628</td>\n",
       "      <td>0.083823</td>\n",
       "      <td>0.030658</td>\n",
       "      <td>0.000363</td>\n",
       "    </tr>\n",
       "    <tr>\n",
       "      <th>View</th>\n",
       "      <td>0.393497</td>\n",
       "      <td>0.078354</td>\n",
       "      <td>0.186016</td>\n",
       "      <td>0.281715</td>\n",
       "      <td>0.075054</td>\n",
       "      <td>0.028414</td>\n",
       "      <td>0.380543</td>\n",
       "      <td>1.000000</td>\n",
       "      <td>0.045622</td>\n",
       "      <td>0.249082</td>\n",
       "      <td>0.166017</td>\n",
       "      <td>0.273845</td>\n",
       "      <td>-0.054452</td>\n",
       "      <td>0.090339</td>\n",
       "      <td>0.085059</td>\n",
       "      <td>0.006321</td>\n",
       "      <td>-0.077702</td>\n",
       "      <td>0.278928</td>\n",
       "      <td>0.073083</td>\n",
       "      <td>-0.001630</td>\n",
       "    </tr>\n",
       "    <tr>\n",
       "      <th>Condition</th>\n",
       "      <td>0.036056</td>\n",
       "      <td>0.026496</td>\n",
       "      <td>-0.126479</td>\n",
       "      <td>-0.059445</td>\n",
       "      <td>-0.008830</td>\n",
       "      <td>-0.264075</td>\n",
       "      <td>0.016648</td>\n",
       "      <td>0.045622</td>\n",
       "      <td>1.000000</td>\n",
       "      <td>-0.146896</td>\n",
       "      <td>-0.158904</td>\n",
       "      <td>0.173849</td>\n",
       "      <td>-0.361592</td>\n",
       "      <td>-0.055808</td>\n",
       "      <td>0.002888</td>\n",
       "      <td>-0.015102</td>\n",
       "      <td>-0.105877</td>\n",
       "      <td>-0.093072</td>\n",
       "      <td>-0.003126</td>\n",
       "      <td>-0.050883</td>\n",
       "    </tr>\n",
       "    <tr>\n",
       "      <th>Grade</th>\n",
       "      <td>0.667951</td>\n",
       "      <td>0.356563</td>\n",
       "      <td>0.665838</td>\n",
       "      <td>0.762779</td>\n",
       "      <td>0.114731</td>\n",
       "      <td>0.458794</td>\n",
       "      <td>0.082818</td>\n",
       "      <td>0.249082</td>\n",
       "      <td>-0.146896</td>\n",
       "      <td>1.000000</td>\n",
       "      <td>0.756073</td>\n",
       "      <td>0.168220</td>\n",
       "      <td>0.447865</td>\n",
       "      <td>0.015623</td>\n",
       "      <td>-0.185771</td>\n",
       "      <td>0.113575</td>\n",
       "      <td>0.200341</td>\n",
       "      <td>0.713867</td>\n",
       "      <td>0.120981</td>\n",
       "      <td>-0.039773</td>\n",
       "    </tr>\n",
       "    <tr>\n",
       "      <th>Above-Ground SqFt</th>\n",
       "      <td>0.605368</td>\n",
       "      <td>0.479386</td>\n",
       "      <td>0.686668</td>\n",
       "      <td>0.876448</td>\n",
       "      <td>0.184139</td>\n",
       "      <td>0.523989</td>\n",
       "      <td>0.071778</td>\n",
       "      <td>0.166017</td>\n",
       "      <td>-0.158904</td>\n",
       "      <td>0.756073</td>\n",
       "      <td>1.000000</td>\n",
       "      <td>-0.052156</td>\n",
       "      <td>0.424037</td>\n",
       "      <td>0.020645</td>\n",
       "      <td>-0.261570</td>\n",
       "      <td>-0.001199</td>\n",
       "      <td>0.344842</td>\n",
       "      <td>0.731767</td>\n",
       "      <td>0.195077</td>\n",
       "      <td>-0.027638</td>\n",
       "    </tr>\n",
       "    <tr>\n",
       "      <th>Basement SqFt</th>\n",
       "      <td>0.323799</td>\n",
       "      <td>0.302808</td>\n",
       "      <td>0.283440</td>\n",
       "      <td>0.435130</td>\n",
       "      <td>0.015418</td>\n",
       "      <td>-0.245715</td>\n",
       "      <td>0.082800</td>\n",
       "      <td>0.273845</td>\n",
       "      <td>0.173849</td>\n",
       "      <td>0.168220</td>\n",
       "      <td>-0.052156</td>\n",
       "      <td>1.000000</td>\n",
       "      <td>-0.133064</td>\n",
       "      <td>0.067296</td>\n",
       "      <td>0.074725</td>\n",
       "      <td>0.110414</td>\n",
       "      <td>-0.144546</td>\n",
       "      <td>0.200443</td>\n",
       "      <td>0.017550</td>\n",
       "      <td>-0.019407</td>\n",
       "    </tr>\n",
       "    <tr>\n",
       "      <th>Year Built</th>\n",
       "      <td>0.053953</td>\n",
       "      <td>0.155670</td>\n",
       "      <td>0.507173</td>\n",
       "      <td>0.318152</td>\n",
       "      <td>0.052946</td>\n",
       "      <td>0.489193</td>\n",
       "      <td>-0.024487</td>\n",
       "      <td>-0.054452</td>\n",
       "      <td>-0.361592</td>\n",
       "      <td>0.447865</td>\n",
       "      <td>0.424037</td>\n",
       "      <td>-0.133064</td>\n",
       "      <td>1.000000</td>\n",
       "      <td>-0.202555</td>\n",
       "      <td>-0.347210</td>\n",
       "      <td>-0.148370</td>\n",
       "      <td>0.409993</td>\n",
       "      <td>0.326377</td>\n",
       "      <td>0.070777</td>\n",
       "      <td>-0.000279</td>\n",
       "    </tr>\n",
       "    <tr>\n",
       "      <th>Year Renovated</th>\n",
       "      <td>0.117855</td>\n",
       "      <td>0.017900</td>\n",
       "      <td>0.047177</td>\n",
       "      <td>0.051060</td>\n",
       "      <td>0.004979</td>\n",
       "      <td>0.003793</td>\n",
       "      <td>0.073939</td>\n",
       "      <td>0.090339</td>\n",
       "      <td>-0.055808</td>\n",
       "      <td>0.015623</td>\n",
       "      <td>0.020645</td>\n",
       "      <td>0.067296</td>\n",
       "      <td>-0.202555</td>\n",
       "      <td>1.000000</td>\n",
       "      <td>0.062397</td>\n",
       "      <td>0.027970</td>\n",
       "      <td>-0.064543</td>\n",
       "      <td>0.000683</td>\n",
       "      <td>0.004286</td>\n",
       "      <td>-0.022854</td>\n",
       "    </tr>\n",
       "    <tr>\n",
       "      <th>Zipcode</th>\n",
       "      <td>-0.053402</td>\n",
       "      <td>-0.154092</td>\n",
       "      <td>-0.204786</td>\n",
       "      <td>-0.199802</td>\n",
       "      <td>-0.129586</td>\n",
       "      <td>-0.059541</td>\n",
       "      <td>0.028923</td>\n",
       "      <td>0.085059</td>\n",
       "      <td>0.002888</td>\n",
       "      <td>-0.185771</td>\n",
       "      <td>-0.261570</td>\n",
       "      <td>0.074725</td>\n",
       "      <td>-0.347210</td>\n",
       "      <td>0.062397</td>\n",
       "      <td>1.000000</td>\n",
       "      <td>0.266742</td>\n",
       "      <td>-0.564259</td>\n",
       "      <td>-0.279299</td>\n",
       "      <td>-0.147294</td>\n",
       "      <td>0.001604</td>\n",
       "    </tr>\n",
       "    <tr>\n",
       "      <th>Lat</th>\n",
       "      <td>0.306692</td>\n",
       "      <td>-0.009951</td>\n",
       "      <td>0.024280</td>\n",
       "      <td>0.052155</td>\n",
       "      <td>-0.085514</td>\n",
       "      <td>0.049239</td>\n",
       "      <td>-0.012157</td>\n",
       "      <td>0.006321</td>\n",
       "      <td>-0.015102</td>\n",
       "      <td>0.113575</td>\n",
       "      <td>-0.001199</td>\n",
       "      <td>0.110414</td>\n",
       "      <td>-0.148370</td>\n",
       "      <td>0.027970</td>\n",
       "      <td>0.266742</td>\n",
       "      <td>1.000000</td>\n",
       "      <td>-0.135371</td>\n",
       "      <td>0.048679</td>\n",
       "      <td>-0.086139</td>\n",
       "      <td>-0.032487</td>\n",
       "    </tr>\n",
       "    <tr>\n",
       "      <th>Long</th>\n",
       "      <td>0.022036</td>\n",
       "      <td>0.132054</td>\n",
       "      <td>0.224903</td>\n",
       "      <td>0.241214</td>\n",
       "      <td>0.230227</td>\n",
       "      <td>0.125943</td>\n",
       "      <td>-0.037628</td>\n",
       "      <td>-0.077702</td>\n",
       "      <td>-0.105877</td>\n",
       "      <td>0.200341</td>\n",
       "      <td>0.344842</td>\n",
       "      <td>-0.144546</td>\n",
       "      <td>0.409993</td>\n",
       "      <td>-0.064543</td>\n",
       "      <td>-0.564259</td>\n",
       "      <td>-0.135371</td>\n",
       "      <td>1.000000</td>\n",
       "      <td>0.335626</td>\n",
       "      <td>0.255586</td>\n",
       "      <td>-0.007230</td>\n",
       "    </tr>\n",
       "    <tr>\n",
       "      <th>Neighbor Lv</th>\n",
       "      <td>0.585241</td>\n",
       "      <td>0.393406</td>\n",
       "      <td>0.569884</td>\n",
       "      <td>0.756402</td>\n",
       "      <td>0.144763</td>\n",
       "      <td>0.280102</td>\n",
       "      <td>0.083823</td>\n",
       "      <td>0.278928</td>\n",
       "      <td>-0.093072</td>\n",
       "      <td>0.713867</td>\n",
       "      <td>0.731767</td>\n",
       "      <td>0.200443</td>\n",
       "      <td>0.326377</td>\n",
       "      <td>0.000683</td>\n",
       "      <td>-0.279299</td>\n",
       "      <td>0.048679</td>\n",
       "      <td>0.335626</td>\n",
       "      <td>1.000000</td>\n",
       "      <td>0.183515</td>\n",
       "      <td>-0.031200</td>\n",
       "    </tr>\n",
       "    <tr>\n",
       "      <th>Neighbor Lot</th>\n",
       "      <td>0.082845</td>\n",
       "      <td>0.030690</td>\n",
       "      <td>0.088303</td>\n",
       "      <td>0.184342</td>\n",
       "      <td>0.718204</td>\n",
       "      <td>-0.010722</td>\n",
       "      <td>0.030658</td>\n",
       "      <td>0.073083</td>\n",
       "      <td>-0.003126</td>\n",
       "      <td>0.120981</td>\n",
       "      <td>0.195077</td>\n",
       "      <td>0.017550</td>\n",
       "      <td>0.070777</td>\n",
       "      <td>0.004286</td>\n",
       "      <td>-0.147294</td>\n",
       "      <td>-0.086139</td>\n",
       "      <td>0.255586</td>\n",
       "      <td>0.183515</td>\n",
       "      <td>1.000000</td>\n",
       "      <td>0.002588</td>\n",
       "    </tr>\n",
       "    <tr>\n",
       "      <th>Posix Date</th>\n",
       "      <td>-0.004002</td>\n",
       "      <td>-0.016523</td>\n",
       "      <td>-0.034237</td>\n",
       "      <td>-0.034276</td>\n",
       "      <td>0.006337</td>\n",
       "      <td>-0.022334</td>\n",
       "      <td>0.000363</td>\n",
       "      <td>-0.001630</td>\n",
       "      <td>-0.050883</td>\n",
       "      <td>-0.039773</td>\n",
       "      <td>-0.027638</td>\n",
       "      <td>-0.019407</td>\n",
       "      <td>-0.000279</td>\n",
       "      <td>-0.022854</td>\n",
       "      <td>0.001604</td>\n",
       "      <td>-0.032487</td>\n",
       "      <td>-0.007230</td>\n",
       "      <td>-0.031200</td>\n",
       "      <td>0.002588</td>\n",
       "      <td>1.000000</td>\n",
       "    </tr>\n",
       "  </tbody>\n",
       "</table>\n",
       "</div>"
      ],
      "text/plain": [
       "                      Price  Bedrooms  Bathrooms  Living SqFt  Lot SqFt  \\\n",
       "Price              1.000000  0.308787   0.525906     0.701917  0.089876   \n",
       "Bedrooms           0.308787  1.000000   0.514508     0.578212  0.032471   \n",
       "Bathrooms          0.525906  0.514508   1.000000     0.755758  0.088373   \n",
       "Living SqFt        0.701917  0.578212   0.755758     1.000000  0.173453   \n",
       "Lot SqFt           0.089876  0.032471   0.088373     0.173453  1.000000   \n",
       "Floors             0.256804  0.177944   0.502582     0.353953 -0.004814   \n",
       "Waterfront         0.264306 -0.002127   0.063629     0.104637  0.021459   \n",
       "View               0.393497  0.078354   0.186016     0.281715  0.075054   \n",
       "Condition          0.036056  0.026496  -0.126479    -0.059445 -0.008830   \n",
       "Grade              0.667951  0.356563   0.665838     0.762779  0.114731   \n",
       "Above-Ground SqFt  0.605368  0.479386   0.686668     0.876448  0.184139   \n",
       "Basement SqFt      0.323799  0.302808   0.283440     0.435130  0.015418   \n",
       "Year Built         0.053953  0.155670   0.507173     0.318152  0.052946   \n",
       "Year Renovated     0.117855  0.017900   0.047177     0.051060  0.004979   \n",
       "Zipcode           -0.053402 -0.154092  -0.204786    -0.199802 -0.129586   \n",
       "Lat                0.306692 -0.009951   0.024280     0.052155 -0.085514   \n",
       "Long               0.022036  0.132054   0.224903     0.241214  0.230227   \n",
       "Neighbor Lv        0.585241  0.393406   0.569884     0.756402  0.144763   \n",
       "Neighbor Lot       0.082845  0.030690   0.088303     0.184342  0.718204   \n",
       "Posix Date        -0.004002 -0.016523  -0.034237    -0.034276  0.006337   \n",
       "\n",
       "                     Floors  Waterfront      View  Condition     Grade  \\\n",
       "Price              0.256804    0.264306  0.393497   0.036056  0.667951   \n",
       "Bedrooms           0.177944   -0.002127  0.078354   0.026496  0.356563   \n",
       "Bathrooms          0.502582    0.063629  0.186016  -0.126479  0.665838   \n",
       "Living SqFt        0.353953    0.104637  0.281715  -0.059445  0.762779   \n",
       "Lot SqFt          -0.004814    0.021459  0.075054  -0.008830  0.114731   \n",
       "Floors             1.000000    0.020797  0.028414  -0.264075  0.458794   \n",
       "Waterfront         0.020797    1.000000  0.380543   0.016648  0.082818   \n",
       "View               0.028414    0.380543  1.000000   0.045622  0.249082   \n",
       "Condition         -0.264075    0.016648  0.045622   1.000000 -0.146896   \n",
       "Grade              0.458794    0.082818  0.249082  -0.146896  1.000000   \n",
       "Above-Ground SqFt  0.523989    0.071778  0.166017  -0.158904  0.756073   \n",
       "Basement SqFt     -0.245715    0.082800  0.273845   0.173849  0.168220   \n",
       "Year Built         0.489193   -0.024487 -0.054452  -0.361592  0.447865   \n",
       "Year Renovated     0.003793    0.073939  0.090339  -0.055808  0.015623   \n",
       "Zipcode           -0.059541    0.028923  0.085059   0.002888 -0.185771   \n",
       "Lat                0.049239   -0.012157  0.006321  -0.015102  0.113575   \n",
       "Long               0.125943   -0.037628 -0.077702  -0.105877  0.200341   \n",
       "Neighbor Lv        0.280102    0.083823  0.278928  -0.093072  0.713867   \n",
       "Neighbor Lot      -0.010722    0.030658  0.073083  -0.003126  0.120981   \n",
       "Posix Date        -0.022334    0.000363 -0.001630  -0.050883 -0.039773   \n",
       "\n",
       "                   Above-Ground SqFt  Basement SqFt  Year Built  \\\n",
       "Price                       0.605368       0.323799    0.053953   \n",
       "Bedrooms                    0.479386       0.302808    0.155670   \n",
       "Bathrooms                   0.686668       0.283440    0.507173   \n",
       "Living SqFt                 0.876448       0.435130    0.318152   \n",
       "Lot SqFt                    0.184139       0.015418    0.052946   \n",
       "Floors                      0.523989      -0.245715    0.489193   \n",
       "Waterfront                  0.071778       0.082800   -0.024487   \n",
       "View                        0.166017       0.273845   -0.054452   \n",
       "Condition                  -0.158904       0.173849   -0.361592   \n",
       "Grade                       0.756073       0.168220    0.447865   \n",
       "Above-Ground SqFt           1.000000      -0.052156    0.424037   \n",
       "Basement SqFt              -0.052156       1.000000   -0.133064   \n",
       "Year Built                  0.424037      -0.133064    1.000000   \n",
       "Year Renovated              0.020645       0.067296   -0.202555   \n",
       "Zipcode                    -0.261570       0.074725   -0.347210   \n",
       "Lat                        -0.001199       0.110414   -0.148370   \n",
       "Long                        0.344842      -0.144546    0.409993   \n",
       "Neighbor Lv                 0.731767       0.200443    0.326377   \n",
       "Neighbor Lot                0.195077       0.017550    0.070777   \n",
       "Posix Date                 -0.027638      -0.019407   -0.000279   \n",
       "\n",
       "                   Year Renovated   Zipcode       Lat      Long  Neighbor Lv  \\\n",
       "Price                    0.117855 -0.053402  0.306692  0.022036     0.585241   \n",
       "Bedrooms                 0.017900 -0.154092 -0.009951  0.132054     0.393406   \n",
       "Bathrooms                0.047177 -0.204786  0.024280  0.224903     0.569884   \n",
       "Living SqFt              0.051060 -0.199802  0.052155  0.241214     0.756402   \n",
       "Lot SqFt                 0.004979 -0.129586 -0.085514  0.230227     0.144763   \n",
       "Floors                   0.003793 -0.059541  0.049239  0.125943     0.280102   \n",
       "Waterfront               0.073939  0.028923 -0.012157 -0.037628     0.083823   \n",
       "View                     0.090339  0.085059  0.006321 -0.077702     0.278928   \n",
       "Condition               -0.055808  0.002888 -0.015102 -0.105877    -0.093072   \n",
       "Grade                    0.015623 -0.185771  0.113575  0.200341     0.713867   \n",
       "Above-Ground SqFt        0.020645 -0.261570 -0.001199  0.344842     0.731767   \n",
       "Basement SqFt            0.067296  0.074725  0.110414 -0.144546     0.200443   \n",
       "Year Built              -0.202555 -0.347210 -0.148370  0.409993     0.326377   \n",
       "Year Renovated           1.000000  0.062397  0.027970 -0.064543     0.000683   \n",
       "Zipcode                  0.062397  1.000000  0.266742 -0.564259    -0.279299   \n",
       "Lat                      0.027970  0.266742  1.000000 -0.135371     0.048679   \n",
       "Long                    -0.064543 -0.564259 -0.135371  1.000000     0.335626   \n",
       "Neighbor Lv              0.000683 -0.279299  0.048679  0.335626     1.000000   \n",
       "Neighbor Lot             0.004286 -0.147294 -0.086139  0.255586     0.183515   \n",
       "Posix Date              -0.022854  0.001604 -0.032487 -0.007230    -0.031200   \n",
       "\n",
       "                   Neighbor Lot  Date in Posix  \n",
       "Price                  0.082845      -0.004002  \n",
       "Bedrooms               0.030690      -0.016523  \n",
       "Bathrooms              0.088303      -0.034237  \n",
       "Living SqFt            0.184342      -0.034276  \n",
       "Lot SqFt               0.718204       0.006337  \n",
       "Floors                -0.010722      -0.022334  \n",
       "Waterfront             0.030658       0.000363  \n",
       "View                   0.073083      -0.001630  \n",
       "Condition             -0.003126      -0.050883  \n",
       "Grade                  0.120981      -0.039773  \n",
       "Above-Ground SqFt      0.195077      -0.027638  \n",
       "Basement SqFt          0.017550      -0.019407  \n",
       "Year Built             0.070777      -0.000279  \n",
       "Year Renovated         0.004286      -0.022854  \n",
       "Zipcode               -0.147294       0.001604  \n",
       "Lat                   -0.086139      -0.032487  \n",
       "Long                   0.255586      -0.007230  \n",
       "Neighbor Lv            0.183515      -0.031200  \n",
       "Neighbor Lot           1.000000       0.002588  \n",
       "Posix Date             0.002588       1.000000  "
      ]
     },
     "execution_count": 9,
     "metadata": {},
     "output_type": "execute_result"
    }
   ],
   "source": [
    "map_corr = pd.DataFrame(map_corr,\n",
    "                        columns=['Price', 'Bedrooms', 'Bathrooms', 'Living SqFt', 'Lot SqFt', 'Floors',\n",
    "                                 'Waterfront', 'View', 'Condition', 'Grade', 'Above-Ground SqFt',\n",
    "                                 'Basement SqFt', 'Year Built', 'Year Renovated', 'Zipcode', 'Lat', 'Long',\n",
    "                                 'Neighbor Lv', 'Neighbor Lot', 'Date in Posix'],\n",
    "                        index=['Price', 'Bedrooms', 'Bathrooms', 'Living SqFt', 'Lot SqFt', 'Floors',\n",
    "                               'Waterfront', 'View', 'Condition', 'Grade', 'Above-Ground SqFt',\n",
    "                               'Basement SqFt', 'Year Built', 'Year Renovated', 'Zipcode', 'Lat', 'Long',\n",
    "                               'Neighbor Lv', 'Neighbor Lot', 'Posix Date'])\n",
    "\n",
    "map_corr"
   ]
  },
  {
   "cell_type": "code",
   "execution_count": 10,
   "metadata": {},
   "outputs": [
    {
     "data": {
